519.8718727229 0.0757957982
561.8421585297 0.0765531428
603.8124443365 0.0776592387
645.7827301433 0.0796476407
680.1220548943 0.0816333114
714.4613796454 0.0836714572
756.4316654522 0.0843156669
798.4019512590 0.0857041717
834.0131028527 0.0881110508
859.4496397053 0.0916047815
897.6044449842 0.0944482583
939.5747307910 0.0971420859
981.5450165978 0.0987698685
1017.7920816128 0.1019302165
1046.4081855720 0.1053358561
1075.0242895312 0.1089494708
1105.5481337544 0.1128254692
1136.0719779775 0.1167025315
1168.5035624646 0.1207652222
1199.0274066877 0.1239481029
