516.0563921950 0.0651277999
558.0266780018 0.0645659688
599.9969638086 0.0640089843
641.9672496154 0.0634568046
686.5790219415 0.0630704281
713.5075095134 0.0658993386
723.3641675438 0.0694975979
730.6771718889 0.0725502123
736.8091941659 0.0753159513
743.8950865748 0.0783334137
751.5260476306 0.0814172338
764.0626265080 0.0866421936
771.1485189169 0.0904422714
779.3245486195 0.0939031849
785.0477694114 0.0977071163
800.3096915230 0.1023234157
828.2898820608 0.1020763022
861.3573799692 0.0991268383
904.6903373932 0.0976380829
935.4657517610 0.1014871140
956.7443931665 0.1057504534
975.8217958060 0.1095682644
994.8991984455 0.1135061711
1013.9766010849 0.1175488704
1033.0540037244 0.1216975237
1052.1314063639 0.1259925954
1071.2088090033 0.1305207961
1088.8024136597 0.1350029998
1115.0868350741 0.1390464880
1157.0571208809 0.1384749390
1189.4887053680 0.1378926818
